[100 200 300]
[101 201 301]
[102 202 302]
[103 203 303]
[104 204 304]
[105 205 305]
[106 206 306]
[107 207 307]
[108 208 308]
[109 209 309]
[110 210 310]
[111 211 311]
[112 212 312]
[113 213 313]
[114 214 314]
[115 215 315]
[116 216 316]
[117 217 317]
[118 218 318]
[119 219 319]
[120 220 320]
[121 221 321]
[122 222 322]
[123 223 323]
[124 224 324]
[125 225 325]
[126 226 326]
[127 227 327]
[128 228 328]
[129 229 329]
[130 230 330]
[131 231 331]
[132 232 332]
[133 233 333]
[134 234 334]
[135 235 335]
[136 236 336]
[137 237 337]
[138 238 338]
[139 239 339]
[140 240 340]
[141 241 341]
[142 242 342]
[143 243 343]
[144 244 344]
[145 245 345]
[146 246 346]
[147 247 347]
[148 248 348]
[149 249 349]
[150 250 350]
[151 251 351]
[152 252 352]
[153 253 353]
[154 254 354]
[155 255 355]
[156 256 356]
[157 257 357]
[158 258 358]
[159 259 359]
[160 260 360]
[161 261 361]
[162 262 362]
[163 263 363]
[164 264 364]
[165 265 365]
[166 266 366]
[167 267 367]
[168 268 368]
[169 269 369]
[170 270 370]
[171 271 371]
[172 272 372]
[173 273 373]
[174 274 374]
[175 275 375]
[176 276 376]
[177 277 377]
[178 278 378]
[179 279 379]
[180 280 380]
[181 281 381]
[182 282 382]
[183 283 383]
[184 284 384]
[185 285 385]
[186 286 386]
[187 287 387]
[188 288 388]
[189 289 389]
[190 290 390]
[191 291 391]
[192 292 392]
[193 293 393]
[194 294 394]
[195 295 395]
[196 296 396]
[197 297 397]
[198 298 398]
[199 299 399]
